-1.5707963267948966   2e-16
-1.5804801780680393   -0.0316138188496162
-1.5895238594093526   -0.0636148859350711
-1.5979157577329572   -0.0959901613122002
-1.6056445270551447   -0.1287262955024816
-1.6126990962282464   -0.1618096349925635
-1.6190686765607372   -0.1952262279192789
-1.6247427693192442   -0.2289618299377824
-1.6297111731081895   -0.2630019102703476
-1.6339639911228387   -0.2973316579332661
-1.6374916382715912   -0.3319359881391886
-1.6402848481633905   -0.36679954887216
-1.6423346799562053   -0.4019067276324989
-1.6436325250625805   -0.4372416583485816
-1.6441701137083262   -0.4727882284525074
-1.6439395213404755   -0.5085300861165013
-1.6429331748807066   -0.5444506476468803
-1.6411438588204965   -0.5805331050322404
-1.6385647211543393   -0.6167604336425155
-1.6351892791474405   -0.6531154000754182
-1.6310114249343652   -0.6895805701467156
-1.6260254309452034   -0.7261383170207051
-1.620225955155884   -0.762770829477175
-1.6136080461593592   -0.7994601203110555
-1.6061671480544508   -0.8361880348608928
-1.5978991051492457   -0.8729362596621975
-1.5888001664760019   -0.9096863312216549
-1.578866990114622   -0.9464196449081022
-1.568096647321833   -0.9831174639561179
-1.5564866264633053   -1.019760928577997
-1.5440348367460335   -1.0563310651798172
-1.5307396117483931   -1.0928087956772465
-1.5165997127453894   -1.1291749469066679
-1.5016143318266952   -1.1654102601271534
-1.4857830948051944   -1.2014954006087448
-1.4691060639138196   -1.2374109673024607
-1.4515837402885992   -1.2731375025873775
-1.4332170662359054   -1.308655502090106
-1.4140074272820244   -1.343945424571895
-1.3939566540032375   -1.3789877018786127
-1.3730670236347535   -1.413762748948725
-1.3513412614568847   -1.4482509738744427
-1.3287825419570183   -1.482432788011078
-1.305394489765997   -1.516288616129701
-1.281181180367671   -1.5497989066080637
-1.2561471405804507   -1.5829441416548167
-1.2302973488098534   -1.615704847561921
-1.2036372350710816   -1.648061604980222
-1.1761726807808546   -1.6799950592130377
-1.1479100183177589   -1.7114859305226735
-1.1188560303505566   -1.742515024444676
-1.0890179489339502   -1.7730632421046988
-1.058403454371461   -1.803111590532763
-1.0270206738451697   -1.8326411929697382
-0.9948781798121779   -1.8616332991608298
-0.9619849881677772   -1.8900692956308682
-0.9283505561754333   -1.917930715936159
-0.8939847801637891   -1.9451992508876885
-0.8588979929910149   -1.9718567587404585
-0.82310096127695   -1.9978852753437264
-0.7866048824036098   -2.023267024246928
-0.7494213812847269   -2.047984426756074
-0.7115625069051013   -2.0720201119354367
-0.6730407286307112   -2.095356926549305
-0.6338689322905557   -2.1179779449386715
-0.5940604160314218   -2.1398664788276576
-0.5536288859467777   -2.161006087054577
-0.5125884514812155   -2.1813805852224846
-0.4709536206118709   -2.2009740552641617
-0.4287392948084751   -2.219770854916432
-0.3859607637736899   -2.237755627098818
-0.3426336999656106   -2.2549133091915015
-0.2987741529043125   -2.2712291422076505
-0.2543985432645369   -2.286688679855168
-0.2095236567566523   -2.301277797482978
-0.164166637798155   -2.3149827009070143
-0.1183449829780905   -2.327789935111091
-0.0720765343168923   -2.3396863928179235
-0.025379472324222   -2.350659322925575
0.0217276911425003   -2.3606963388046953
0.0692261202160598   -2.3697854264519402
0.1170966625509913   -2.3779149524950407
0.1653198570456981   -2.3850736720450296
0.2138759417520428   -2.3912507363912185
0.2627448619691859   -2.3964357005345582
0.3119062785183523   -2.4006185305550933
0.361339576195119   -2.403789610809293
0.4110238723957422   -2.4059397509531006
0.4609380259138652   -2.4070601927866253
0.5110606459039805   -2.407142616916468
0.5613701010077851   -2.406179149231757
0.611844528639624   -2.4041623671900383
0.6624618444269823   -2.4010853059092567
0.7131997518020405   -2.3969414640621403
0.7640357517400876   -2.3917248095693835
0.8149471526406331   -2.3854297850881228
0.865911080346848   -2.3780513132922714
0.9169044882990139   -2.3695848019413783
0.9679041678174651   -2.3600261487347796
1.018886758510508   -2.349371745947879
1.0698287588027096   -2.3376184848475137
1.1207065365788673   -2.324763759883449
1.171496339938888   -2.3108054726531435
1.222174308058769   -2.2957420356370393
1.2727164821527992   -2.279572375701708
1.3230988165320172   -2.262295937368318
1.3732971897539108   -2.243912685843977
1.4232874158582842   -2.224423109813613
1.4730452556841838   -2.2038282239901625
1.5225464282626806   -2.182129571420947
1.57176662228027   -2.1593292255482446
1.6206815076076115   -2.135429792022143
1.6692667468882794   -2.1104344102638986
1.717498007182146   -2.0843467547781396
1.7653509716579587   -2.057171036212353
1.8128013513296655   -2.0289120021622287
1.8598248968309967   -1.999574937721533
1.9063974102227612   -1.969165665775317
1.9524947568272792   -1.9376905470353818
1.9980928770843815   -1.905156479817039
2.0431677984233243   -1.8715708995563265
2.0876956471449994   -1.836941778066962
2.1316526603087524   -1.8012776225364329
2.175015197618118   -1.7645874742607697
2.21775975329977   -1.7268809071176345
2.259862967969973   -1.6881680257775067
2.301301640482796   -1.6484594636528584
2.342052739754343   -1.6077663805853613
2.382093416557257   -1.5661004602712594
2.421401015279754   -1.523473907425181
2.459953085643431   -1.4798994446827907
2.4977273943740896   -1.435390309242817
2.5347019368198396   -1.3899602492491006
2.570854948510751   -1.3436235199134272
2.6061649166543193   -1.2963948793800626
2.6406105915610265   -1.2482895843330133
2.674170997994306   -1.1993233853471712
2.706825446439233   -1.1495125219846039
2.738553544284283   -1.0988737176374026
2.7693352069105086   -1.0474241741186252
2.7991506686825405   -0.9951815660029781
2.8279804938358324   -0.942164034719002
2.855805587254604   -0.888390182394667
2.8826072051349527   -0.8338790654584143
2.9083669655276823   -0.7786501879977578
2.933066858755396   -0.7227234948777401
2.956689257698474   -0.6661193646215987
2.9792169279445817   -0.6088586020561597
3.000633037796405   -0.5509624307245933
3.0209211681323698   -0.4924524850692616
3.040065322115157   -0.4333508023875068
3.0580499347428614   -0.3736798145633624
3.0748598822377144   -0.3134623395782885
3.0904804912673587   -0.2527215728041217
3.1048975479937098   -0.1914810780815452
3.1180973069445175   -0.1297647785875133
3.130066499702802   -0.0675969474951794
3.1407923434094114   -0.00500219842996
3.1502625490740264   0.057994524274525
3.1584653296900047   0.1213679555167674
3.1653894081485383   0.185092519559969
3.171024024947683   0.2491423403528703
3.175358945691896   0.3134912520346565
3.178384468377799   0.3781128096196659
3.180091430461982   0.4429802998575285
3.1804712157067416   0.5080667522642875
3.1795157607997466   0.5733449503199675
3.17721756174371   0.6387874428279309
3.1735696800122515   0.7043665554312807
3.168565748468217   0.7700544022815121
3.162199977040846   0.8358228978544806
3.1544671581582455   0.9016437689087233
3.1453626719317653   0.9674885665810464
3.1348824910889537   1.0333286786142142
3.12302318565189   1.09913534171152
3.1097819273577936   1.1648796540129471
3.0951564938189167   1.2305325876875282
3.0791452724188586   1.2960650016364406
3.0617472639425296   1.361447654301334
3.042962085937122   1.4266512165723162
3.022789975801552   1.4916462847899363
3.0012317936019803   1.5564033938354493
2.978289024611106   1.6208930303036015
2.953963781569063   1.685085645752127
2.9282588066638833   1.7489516700220644
2.9011774732295996   1.8124615246229572
2.8727237871601923   1.8755856361769676
2.842902388037704   1.9382944499158985
2.811718549972981   2.0005584432250387
2.779178182157632   2.0623481392277223
2.74528782912592   2.1236341204044638
2.710054670725417   2.1843870422404996
2.6734865217954056   2.244577646895524
2.6355918315521567   2.3041767768893484
2.5963796826802876   2.363155388797264
2.5558597901296083   2.4214845669487697
2.514042499616946   2.4791355371233963
2.4709387858325913   2.536079680237273
2.4265602503511623   2.592288546014088
2.3809191192467964   2.647733866634086
2.3340282404127017   2.702387570354762
2.2859010805852744   2.7562217950968497
2.2365517220731244   2.8092089019892175
2.185994859191417   2.861321488866345
2.1342457944022057   2.912532403711934
2.0813204341614076   2.9628147580423563
2.027235284473372   3.012141940223515
1.9720074461540178   3.0604876287147964
1.9156546098036638   3.1078258052337944
1.858195050490907   3.154130767835427
1.7996476221488888   3.199377143899224
1.7400317516855857   3.243539903018428
1.6793674328097459   3.2865943697847326
1.617675219574379   3.328516236462364
1.554976219639686   3.3692815755453815
1.4912920872576088   3.408866852191977
1.4266450159801582   3.4472489365297174
1.3610577310939675   3.4844051158255884
1.294553481783487   3.520313106514865
1.2271560330255473   3.554951066082765
1.1588896572179577   3.588297604792993
1.089779125545132   3.6203317972572444
1.0198496990836694   3.6510331938398797
0.9491271196511398   3.680381831891945
0.8776376004012526   3.708358246808877
0.8054078161689173   3.7349434829061856
0.7324648935686213   3.760119104107579
0.6588364008498828   3.783867204439969
0.5845503375134498   3.8061704183299496
0.509635123692246   3.8270119306963437
0.4341195893009732   3.846375486833549
0.3580329629586109   3.8642454020804426
0.2814048606879562   3.8806065712697353
0.204265274396655   3.8954444779527044
0.1266445601441639   3.908745203394351
0.0485734261991999   3.920495435334114
-0.0299170791075419   3.930682476507346
-0.1087955797307043   3.9392942529228776
-0.1880303844525957   3.946319321892066
-0.2675894996156286   3.9517468798048547
-0.3474406420396408   3.955566769648431
-0.4275512521189931   3.957769488264219
-0.507888507094045   3.9583461933390085
-0.588419334491632   3.957288710126159
-0.6691104257290804   3.9545895378929123
-0.7499282498760977   3.950241856089966
-0.8308390675689192   3.944239530239567
-0.9118089450708807   3.9365771175385165
-0.9928037684736855   3.9272498721725717
-1.073789258033247   3.916253750338879
-1.1547309826343137   3.9035854149731644
-1.235594374377597   3.8892422401785613
-1.316344743283366   3.873222315353053
-1.3969472921052257   3.8555244490126617
-1.4773671312477947   3.836148172307618
-1.5575692937818748   3.8150937422289037
-1.6375187505507964   3.7923621445026545
-1.7171804253612613   3.7679550961701005
-1.7965192102523502   3.7418750478507805
-1.8754999808359116   3.7141251856869872
-1.954087611701781   3.6847094329674666
-2.032246991881092   3.653632451428571
-2.1099430403609403   3.6208996422312
-2.1871407216435625   3.5865171466120125
-2.2638050613433096   3.550491846207482
-2.339901161814364   3.512831363049625
-2.4153942178024934   3.4735440592322235
-2.490249532113738   3.4326390362466594
-2.5644325312931606   3.390126133986512
-2.6379087813066397   3.3460159294202705
-2.710644003218686   3.300319734931655
-2.782604088859271   3.2530495963271666
-2.853755116472566   3.204218290510686
-2.9240633663406403   3.1538393228249793
-2.9934953363748806   3.1019269240603036
-3.062017757668244   3.048496047130225
-3.1295976100010954   2.9935623634151334
-3.1962021372936515   2.9371422587739184
-3.2617988629979235   2.8792528292245234
-3.3263556054220507   2.8199118762942157
-3.3898404929800554   2.759137902040508
-3.452221979359847   2.696950103743937
-3.513468858602539   2.6333683682739357
-3.573550280085986   2.5684132661292702
-3.632435763405649   2.502106045154555
-3.6900952131456934   2.4344686239346944
-3.7464989335334784   2.365523584869035
-3.801617642970489   2.295294166927314
-3.855422488432821   2.223804258089595
-3.9078850597344585   2.151078387472443
-3.9589774036464416   2.077141717143927
-4.008672037865245   2.0020200336300187
-4.056941964823683   1.9257397391150992
-4.103760685337613   1.8483278423396103
-4.149102212081908   1.769811949197809
-4.192941082889132   1.6902202530388581
-4.23525237386442   1.6095815246746346
-4.276011712310197   1.5279251020976246
-4.315195289454324   1.4452808799126713
-4.352779872975404   1.361679298486266
-4.388742819319096   1.2771513328172168
-4.4230620857992   1.1917284811328672
-4.4557162424775365   1.1054427532149178
-4.486684483816613   1.018326658459194
-4.515946640099171   0.9304131936738215
-4.543483188608848   0.8417358306202609
-4.56927526456619   0.7523285033020372
-4.593304671814416   0.6622255950058591
-4.615553893249404   0.5714619251001576
-4.636006100988457   0.4800727355959752
-4.654645166272527   0.3880936774755484
-4.67145566909665   0.2955607967937599
-4.686422907563492   0.202510520557916
-4.699532906954969   0.1089796423914192
-4.710772428517059   0.0150053079868524
-4.720128977952981   -0.0793749996456167
-4.727590813620102   -0.174123475128728
-4.733146954425993   -0.2692020058616305
-4.736787187419189   -0.3645721873501674
-4.7385020750703575   -0.4601953387179054
-4.738282962239673   -0.5560325183916005
-4.736121982826333   -0.6520445399547002
-4.732012066096285   -0.7481919881625566
-4.725946942684358   -0.8444352351126455
-4.717921150267132   -0.9407344565632405
-4.7079300389030045   -1.0370496483939025
-4.695969776036064   -1.1333406432008264
-4.682037351160497   -1.2295671270202992
-4.666130580142434   -1.3256886561732715
-4.648248109196237   -1.4216646742239774
-4.628389418512399   -1.5174545290456338
-4.606554825534392   -1.6130174899858836
-4.582745487881887   -1.708312765124894
-4.556963405918008   -1.8032995186187168
-4.52921142495832   -1.8979368881206964
-4.499493237119514   -1.992184002273358
-4.46781338280584   -2.08599999826344
-4.434177251831486   -2.179344039432534
-4.398591084177325   -2.2721753329357264
-4.361061970380504   -2.364453147440789
-4.3215978515556115   -2.456136830860114
-4.280207519046273   -2.547185828107812
-4.236900613706128   -2.6375596988743344
-4.191687624808422   -2.727218135410745
-4.1445798885835154   -2.8161209803149925
-4.095589586383792   -2.904228244312381
-4.044729742475647   -2.991500124022378
-3.9920142214583345   -3.0778970197040914
-3.9374577253096876   -3.1633795529724034
-3.8810757900588766   -3.24790858447703
-3.8228847820864216   -3.3314452315367076
-3.762901894052054   -3.413950885720528
-3.701145140450984   -3.495387230368686
-3.6376333527993987   -3.5757162580447734
-3.5723861744502   -3.654900287911734
-3.5054240550400158   -3.7329019830237864
-3.436768244568915   -3.809684367526357
-3.3664407871141857   -3.885210843756349
-3.2944645141798836   -3.9594452092349126
-3.2208630376838427   -4.032351673545067
-3.1456607425842322   -4.1038948750863495
-3.0688827791476863   -4.174039897698902
-2.9905550548613156   -4.242752287149324
-2.9107042259910973   -4.309998067470664
-2.8293576887891265   -4.375743757149067
-2.7465435703526495   -4.439956385149476
-2.662290719137737   -4.502603506772949
-2.5766286951306174   -4.563653219338249
-2.4895877596800653   -4.623074177680255
-2.401198864994132   -4.680835609457949
-2.3114936433048157   -4.736907330264759
-2.220504395704435   -4.791259758534049
-2.128264080657445   -4.8438639302327315
-2.034806302191878   -4.894691513335901
-1.9401652977745072   -4.943714822075575
-1.8443759258739876   -4.990906830956728
-1.747473653216592   -5.036241188533748
-1.649494541739047   -5.0796922309406645
-1.5504752352432651   -5.121234995168558
-1.4504529457579298   -5.160845232083578
-1.3494654396118437   -5.198499419179227
-1.2475510232244078   -5.234174773056511
-1.1447485286184138   -5.267849261625785
-1.041097298660716   -5.299501616024153
-0.9366371720362371   -5.329111342242448
-0.8314084679612077   -5.356658732455843
-0.7254519706413579   -5.382124876052349
-0.6188089134811475   -5.405491670353505
-0.511520963049995   -5.426741831021736
-0.4036302028119221   -5.44585890214892
-0.2951791166248139   -5.462827266020877
-0.1862105720158747   -5.477632152552593
-0.0767678032397084   -5.490259648389143
0.0331056058740891   -5.500696705667377
0.1433657392771645   -5.508931150433597
0.2539683662555122   -5.514951690712579
0.3648689591723805   -5.518747924223427
0.4760227113940124   -5.520310345737902
0.5873845553908164   -5.5196303540769875
0.6989091810067435   -5.5167002587416425
0.8105510538895568   -5.511513286173774
0.9222644340743079   -5.504063585643702
1.0340033947125913   -5.494346234760433
1.1457218409398573   -5.482357244601321
1.2573735288729955   -5.468093564457779
1.3689120847305056   -5.451553086193859
1.4802910240671683   -5.432734648214753
1.591463771115402   -5.411638039042332
1.7023836782251538   -5.388264000495084
1.81300404539438   -5.362614230469894
1.9232781398817618   -5.334691385323376
2.0331592158935927   -5.304499081850552
2.142600534336449   -5.272041898858871
2.2515553826274766   -5.237325378335723
2.359977094553729   -5.200356026207803
2.4678190701722986   -5.16114131269082
2.5750347957426736   -5.119689672228227
2.68157786368298   -5.076010503017818
2.787401992541401   -5.030114166125248
2.892461046974359   -4.982011984183655
2.996709057722834   -4.931716239678779
3.100100241578186   -4.879240172819149
3.2025890213289823   -4.82459797899103
3.304130045680036   -4.767804805798116
3.4046782091350996   -4.708876749686031
3.5041886718346276   -4.647830852151875
3.6026168793397995   -4.584685095539368
3.6999185823542815   -4.519458398420128
3.7960498563750265   -4.452170610561976
3.890967121263437   -4.382842507485236
3.9846271607283867   -4.311495784608177
4.076987141712317   -4.238153050983031
4.168004633671952   -4.162837822624055
4.257637627744953   -4.085574515429436
4.345844555794112   -4.006388437698811
4.432584309320398   -3.9253057822486324
4.517816258236507   -3.842353618127531
4.601500269492381   -3.7575598819341893
4.683596725544425   -3.6709533687402196
4.7640665426599025   -3.5825637226210016
4.842871189048337   -3.4924214267973137
4.919972702811576   -3.4005577933910023
4.995333709704441   -3.307004952797879
5.06891744069767   -3.2117958426814903
5.140687749335222   -3.1149641965913166
5.210609128877861   -3.0165445322092657
5.278646729225099   -2.9165721392285118
5.3447663736077065   -2.8150830668687266
5.4089345750429025   -2.712114111032216
5.471118552544619   -2.6077028011053316
5.531286247081169   -2.5018873864099334
5.5894063372728775   -2.3947068223095918
5.645448254822134   -2.2862007559757123
5.699382199668636   -2.1764095118185813
5.7511791548625135   -2.065374076588767
5.800810901148284   -1.953136084154182
5.848250031252529   -1.8397377999586204
5.893469963868441   -1.725222105167395
5.9364449573303855   -1.609632480506103
5.977150122971868   -1.4930129897984357
6.015561438160247   -1.3754082632094389
6.051655759001808   -1.2568634802004286
6.085410832710858   -1.137424352202168
6.116805309636665   -1.0171371050127818
6.145818754942148   -0.8960484609273763
6.172431659928427   -0.7742056206061068
6.196625452999408   -0.6516562446878411
6.218382510260801   -0.5284484351564112
6.237686165748002   -0.4046307164669432
6.254520721277536   -0.2802520164395019
6.2688714559167895   -0.1553616469276974
6.28072463506703   -0.0300092842697168
1.5707963267948966   -2e-16
1.5804801780680393   0.0316138188496162
1.5895238594093526   0.0636148859350711
1.5979157577329572   0.0959901613122002
1.6056445270551447   0.1287262955024816
1.6126990962282464   0.1618096349925635
1.6190686765607372   0.1952262279192789
1.6247427693192442   0.2289618299377824
1.6297111731081895   0.2630019102703476
1.6339639911228387   0.2973316579332661
1.6374916382715912   0.3319359881391886
1.6402848481633905   0.36679954887216
1.6423346799562053   0.4019067276324989
1.6436325250625805   0.4372416583485816
1.6441701137083262   0.4727882284525074
1.6439395213404755   0.5085300861165013
1.6429331748807066   0.5444506476468803
1.6411438588204965   0.5805331050322404
1.6385647211543393   0.6167604336425155
1.6351892791474405   0.6531154000754182
1.6310114249343652   0.6895805701467156
1.6260254309452034   0.7261383170207051
1.620225955155884   0.762770829477175
1.6136080461593592   0.7994601203110555
1.6061671480544508   0.8361880348608928
1.5978991051492457   0.8729362596621975
1.5888001664760019   0.9096863312216549
1.578866990114622   0.9464196449081022
1.568096647321833   0.9831174639561179
1.5564866264633053   1.019760928577997
1.5440348367460335   1.0563310651798172
1.5307396117483931   1.0928087956772465
1.5165997127453894   1.1291749469066679
1.5016143318266952   1.1654102601271534
1.4857830948051944   1.2014954006087448
1.4691060639138196   1.2374109673024607
1.4515837402885992   1.2731375025873775
1.4332170662359054   1.308655502090106
1.4140074272820244   1.343945424571895
1.3939566540032375   1.3789877018786127
1.3730670236347535   1.413762748948725
1.3513412614568847   1.4482509738744427
1.3287825419570183   1.482432788011078
1.305394489765997   1.516288616129701
1.281181180367671   1.5497989066080637
1.2561471405804507   1.5829441416548167
1.2302973488098534   1.615704847561921
1.2036372350710816   1.648061604980222
1.1761726807808546   1.6799950592130377
1.1479100183177589   1.7114859305226735
1.1188560303505566   1.742515024444676
1.0890179489339502   1.7730632421046988
1.058403454371461   1.803111590532763
1.0270206738451697   1.8326411929697382
0.9948781798121779   1.8616332991608298
0.9619849881677772   1.8900692956308682
0.9283505561754333   1.917930715936159
0.8939847801637891   1.9451992508876885
0.8588979929910149   1.9718567587404585
0.82310096127695   1.9978852753437264
0.7866048824036098   2.023267024246928
0.7494213812847269   2.047984426756074
0.7115625069051013   2.0720201119354367
0.6730407286307112   2.095356926549305
0.6338689322905557   2.1179779449386715
0.5940604160314218   2.1398664788276576
0.5536288859467777   2.161006087054577
0.5125884514812155   2.1813805852224846
0.4709536206118709   2.2009740552641617
0.4287392948084751   2.219770854916432
0.3859607637736899   2.237755627098818
0.3426336999656106   2.2549133091915015
0.2987741529043125   2.2712291422076505
0.2543985432645369   2.286688679855168
0.2095236567566523   2.301277797482978
0.164166637798155   2.3149827009070143
0.1183449829780905   2.327789935111091
0.0720765343168923   2.3396863928179235
0.025379472324222   2.350659322925575
-0.0217276911425003   2.3606963388046953
-0.0692261202160598   2.3697854264519402
-0.1170966625509913   2.3779149524950407
-0.1653198570456981   2.3850736720450296
-0.2138759417520428   2.3912507363912185
-0.2627448619691859   2.3964357005345582
-0.3119062785183523   2.4006185305550933
-0.361339576195119   2.403789610809293
-0.4110238723957422   2.4059397509531006
-0.4609380259138652   2.4070601927866253
-0.5110606459039805   2.407142616916468
-0.5613701010077851   2.406179149231757
-0.611844528639624   2.4041623671900383
-0.6624618444269823   2.4010853059092567
-0.7131997518020405   2.3969414640621403
-0.7640357517400876   2.3917248095693835
-0.8149471526406331   2.3854297850881228
-0.865911080346848   2.3780513132922714
-0.9169044882990139   2.3695848019413783
-0.9679041678174651   2.3600261487347796
-1.018886758510508   2.349371745947879
-1.0698287588027096   2.3376184848475137
-1.1207065365788673   2.324763759883449
-1.171496339938888   2.3108054726531435
-1.222174308058769   2.2957420356370393
-1.2727164821527992   2.279572375701708
-1.3230988165320172   2.262295937368318
-1.3732971897539108   2.243912685843977
-1.4232874158582842   2.224423109813613
-1.4730452556841838   2.2038282239901625
-1.5225464282626806   2.182129571420947
-1.57176662228027   2.1593292255482446
-1.6206815076076115   2.135429792022143
-1.6692667468882794   2.1104344102638986
-1.717498007182146   2.0843467547781396
-1.7653509716579587   2.057171036212353
-1.8128013513296655   2.0289120021622287
-1.8598248968309967   1.999574937721533
-1.9063974102227612   1.969165665775317
-1.9524947568272792   1.9376905470353818
-1.9980928770843815   1.905156479817039
-2.0431677984233243   1.8715708995563265
-2.0876956471449994   1.836941778066962
-2.1316526603087524   1.8012776225364329
-2.175015197618118   1.7645874742607697
-2.21775975329977   1.7268809071176345
-2.259862967969973   1.6881680257775067
-2.301301640482796   1.6484594636528584
-2.342052739754343   1.6077663805853613
-2.382093416557257   1.5661004602712594
-2.421401015279754   1.523473907425181
-2.459953085643431   1.4798994446827907
-2.4977273943740896   1.435390309242817
-2.5347019368198396   1.3899602492491006
-2.570854948510751   1.3436235199134272
-2.6061649166543193   1.2963948793800626
-2.6406105915610265   1.2482895843330133
-2.674170997994306   1.1993233853471712
-2.706825446439233   1.1495125219846039
-2.738553544284283   1.0988737176374026
-2.7693352069105086   1.0474241741186252
-2.7991506686825405   0.9951815660029781
-2.8279804938358324   0.942164034719002
-2.855805587254604   0.888390182394667
-2.8826072051349527   0.8338790654584143
-2.9083669655276823   0.7786501879977578
-2.933066858755396   0.7227234948777401
-2.956689257698474   0.6661193646215987
-2.9792169279445817   0.6088586020561597
-3.000633037796405   0.5509624307245933
-3.0209211681323698   0.4924524850692616
-3.040065322115157   0.4333508023875068
-3.0580499347428614   0.3736798145633624
-3.0748598822377144   0.3134623395782885
-3.0904804912673587   0.2527215728041217
-3.1048975479937098   0.1914810780815452
-3.1180973069445175   0.1297647785875133
-3.130066499702802   0.0675969474951794
-3.1407923434094114   0.00500219842996
-3.1502625490740264   -0.057994524274525
-3.1584653296900047   -0.1213679555167674
-3.1653894081485383   -0.185092519559969
-3.171024024947683   -0.2491423403528703
-3.175358945691896   -0.3134912520346565
-3.178384468377799   -0.3781128096196659
-3.180091430461982   -0.4429802998575285
-3.1804712157067416   -0.5080667522642875
-3.1795157607997466   -0.5733449503199675
-3.17721756174371   -0.6387874428279309
-3.1735696800122515   -0.7043665554312807
-3.168565748468217   -0.7700544022815121
-3.162199977040846   -0.8358228978544806
-3.1544671581582455   -0.9016437689087233
-3.1453626719317653   -0.9674885665810464
-3.1348824910889537   -1.0333286786142142
-3.12302318565189   -1.09913534171152
-3.1097819273577936   -1.1648796540129471
-3.0951564938189167   -1.2305325876875282
-3.0791452724188586   -1.2960650016364406
-3.0617472639425296   -1.361447654301334
-3.042962085937122   -1.4266512165723162
-3.022789975801552   -1.4916462847899363
-3.0012317936019803   -1.5564033938354493
-2.978289024611106   -1.6208930303036015
-2.953963781569063   -1.685085645752127
-2.9282588066638833   -1.7489516700220644
-2.9011774732295996   -1.8124615246229572
-2.8727237871601923   -1.8755856361769676
-2.842902388037704   -1.9382944499158985
-2.811718549972981   -2.0005584432250387
-2.779178182157632   -2.0623481392277223
-2.74528782912592   -2.1236341204044638
-2.710054670725417   -2.1843870422404996
-2.6734865217954056   -2.244577646895524
-2.6355918315521567   -2.3041767768893484
-2.5963796826802876   -2.363155388797264
-2.5558597901296083   -2.4214845669487697
-2.514042499616946   -2.4791355371233963
-2.4709387858325913   -2.536079680237273
-2.4265602503511623   -2.592288546014088
-2.3809191192467964   -2.647733866634086
-2.3340282404127017   -2.702387570354762
-2.2859010805852744   -2.7562217950968497
-2.2365517220731244   -2.8092089019892175
-2.185994859191417   -2.861321488866345
-2.1342457944022057   -2.912532403711934
-2.0813204341614076   -2.9628147580423563
-2.027235284473372   -3.012141940223515
-1.9720074461540178   -3.0604876287147964
-1.9156546098036638   -3.1078258052337944
-1.858195050490907   -3.154130767835427
-1.7996476221488888   -3.199377143899224
-1.7400317516855857   -3.243539903018428
-1.6793674328097459   -3.2865943697847326
-1.617675219574379   -3.328516236462364
-1.554976219639686   -3.3692815755453815
-1.4912920872576088   -3.408866852191977
-1.4266450159801582   -3.4472489365297174
-1.3610577310939675   -3.4844051158255884
-1.294553481783487   -3.520313106514865
-1.2271560330255473   -3.554951066082765
-1.1588896572179577   -3.588297604792993
-1.089779125545132   -3.6203317972572444
-1.0198496990836694   -3.6510331938398797
-0.9491271196511398   -3.680381831891945
-0.8776376004012526   -3.708358246808877
-0.8054078161689173   -3.7349434829061856
-0.7324648935686213   -3.760119104107579
-0.6588364008498828   -3.783867204439969
-0.5845503375134498   -3.8061704183299496
-0.509635123692246   -3.8270119306963437
-0.4341195893009732   -3.846375486833549
-0.3580329629586109   -3.8642454020804426
-0.2814048606879562   -3.8806065712697353
-0.204265274396655   -3.8954444779527044
-0.1266445601441639   -3.908745203394351
-0.0485734261991999   -3.920495435334114
0.0299170791075419   -3.930682476507346
0.1087955797307043   -3.9392942529228776
0.1880303844525957   -3.946319321892066
0.2675894996156286   -3.9517468798048547
0.3474406420396408   -3.955566769648431
0.4275512521189931   -3.957769488264219
0.507888507094045   -3.9583461933390085
0.588419334491632   -3.957288710126159
0.6691104257290804   -3.9545895378929123
0.7499282498760977   -3.950241856089966
0.8308390675689192   -3.944239530239567
0.9118089450708807   -3.9365771175385165
0.9928037684736855   -3.9272498721725717
1.073789258033247   -3.916253750338879
1.1547309826343137   -3.9035854149731644
1.235594374377597   -3.8892422401785613
1.316344743283366   -3.873222315353053
1.3969472921052257   -3.8555244490126617
1.4773671312477947   -3.836148172307618
1.5575692937818748   -3.8150937422289037
1.6375187505507964   -3.7923621445026545
1.7171804253612613   -3.7679550961701005
1.7965192102523502   -3.7418750478507805
1.8754999808359116   -3.7141251856869872
1.954087611701781   -3.6847094329674666
2.032246991881092   -3.653632451428571
2.1099430403609403   -3.6208996422312
2.1871407216435625   -3.5865171466120125
2.2638050613433096   -3.550491846207482
2.339901161814364   -3.512831363049625
2.4153942178024934   -3.4735440592322235
2.490249532113738   -3.4326390362466594
2.5644325312931606   -3.390126133986512
2.6379087813066397   -3.3460159294202705
2.710644003218686   -3.300319734931655
2.782604088859271   -3.2530495963271666
2.853755116472566   -3.204218290510686
2.9240633663406403   -3.1538393228249793
2.9934953363748806   -3.1019269240603036
3.062017757668244   -3.048496047130225
3.1295976100010954   -2.9935623634151334
3.1962021372936515   -2.9371422587739184
3.2617988629979235   -2.8792528292245234
3.3263556054220507   -2.8199118762942157
3.3898404929800554   -2.759137902040508
3.452221979359847   -2.696950103743937
3.513468858602539   -2.6333683682739357
3.573550280085986   -2.5684132661292702
3.632435763405649   -2.502106045154555
3.6900952131456934   -2.4344686239346944
3.7464989335334784   -2.365523584869035
3.801617642970489   -2.295294166927314
3.855422488432821   -2.223804258089595
3.9078850597344585   -2.151078387472443
3.9589774036464416   -2.077141717143927
4.008672037865245   -2.0020200336300187
4.056941964823683   -1.9257397391150992
4.103760685337613   -1.8483278423396103
4.149102212081908   -1.769811949197809
4.192941082889132   -1.6902202530388581
4.23525237386442   -1.6095815246746346
4.276011712310197   -1.5279251020976246
4.315195289454324   -1.4452808799126713
4.352779872975404   -1.361679298486266
4.388742819319096   -1.2771513328172168
4.4230620857992   -1.1917284811328672
4.4557162424775365   -1.1054427532149178
4.486684483816613   -1.018326658459194
4.515946640099171   -0.9304131936738215
4.543483188608848   -0.8417358306202609
4.56927526456619   -0.7523285033020372
4.593304671814416   -0.6622255950058591
4.615553893249404   -0.5714619251001576
4.636006100988457   -0.4800727355959752
4.654645166272527   -0.3880936774755484
4.67145566909665   -0.2955607967937599
4.686422907563492   -0.202510520557916
4.699532906954969   -0.1089796423914192
4.710772428517059   -0.0150053079868524
4.720128977952981   0.0793749996456167
4.727590813620102   0.174123475128728
4.733146954425993   0.2692020058616305
4.736787187419189   0.3645721873501674
4.7385020750703575   0.4601953387179054
4.738282962239673   0.5560325183916005
4.736121982826333   0.6520445399547002
4.732012066096285   0.7481919881625566
4.725946942684358   0.8444352351126455
4.717921150267132   0.9407344565632405
4.7079300389030045   1.0370496483939025
4.695969776036064   1.1333406432008264
4.682037351160497   1.2295671270202992
4.666130580142434   1.3256886561732715
4.648248109196237   1.4216646742239774
4.628389418512399   1.5174545290456338
4.606554825534392   1.6130174899858836
4.582745487881887   1.708312765124894
4.556963405918008   1.8032995186187168
4.52921142495832   1.8979368881206964
4.499493237119514   1.992184002273358
4.46781338280584   2.08599999826344
4.434177251831486   2.179344039432534
4.398591084177325   2.2721753329357264
4.361061970380504   2.364453147440789
4.3215978515556115   2.456136830860114
4.280207519046273   2.547185828107812
4.236900613706128   2.6375596988743344
4.191687624808422   2.727218135410745
4.1445798885835154   2.8161209803149925
4.095589586383792   2.904228244312381
4.044729742475647   2.991500124022378
3.9920142214583345   3.0778970197040914
3.9374577253096876   3.1633795529724034
3.8810757900588766   3.24790858447703
3.8228847820864216   3.3314452315367076
3.762901894052054   3.413950885720528
3.701145140450984   3.495387230368686
3.6376333527993987   3.5757162580447734
3.5723861744502   3.654900287911734
3.5054240550400158   3.7329019830237864
3.436768244568915   3.809684367526357
3.3664407871141857   3.885210843756349
3.2944645141798836   3.9594452092349126
3.2208630376838427   4.032351673545067
3.1456607425842322   4.1038948750863495
3.0688827791476863   4.174039897698902
2.9905550548613156   4.242752287149324
2.9107042259910973   4.309998067470664
2.8293576887891265   4.375743757149067
2.7465435703526495   4.439956385149476
2.662290719137737   4.502603506772949
2.5766286951306174   4.563653219338249
2.4895877596800653   4.623074177680255
2.401198864994132   4.680835609457949
2.3114936433048157   4.736907330264759
2.220504395704435   4.791259758534049
2.128264080657445   4.8438639302327315
2.034806302191878   4.894691513335901
1.9401652977745072   4.943714822075575
1.8443759258739876   4.990906830956728
1.747473653216592   5.036241188533748
1.649494541739047   5.0796922309406645
1.5504752352432651   5.121234995168558
1.4504529457579298   5.160845232083578
1.3494654396118437   5.198499419179227
1.2475510232244078   5.234174773056511
1.1447485286184138   5.267849261625785
1.041097298660716   5.299501616024153
0.9366371720362371   5.329111342242448
0.8314084679612077   5.356658732455843
0.7254519706413579   5.382124876052349
0.6188089134811475   5.405491670353505
0.511520963049995   5.426741831021736
0.4036302028119221   5.44585890214892
0.2951791166248139   5.462827266020877
0.1862105720158747   5.477632152552593
0.0767678032397084   5.490259648389143
-0.0331056058740891   5.500696705667377
-0.1433657392771645   5.508931150433597
-0.2539683662555122   5.514951690712579
-0.3648689591723805   5.518747924223427
-0.4760227113940124   5.520310345737902
-0.5873845553908164   5.5196303540769875
-0.6989091810067435   5.5167002587416425
-0.8105510538895568   5.511513286173774
-0.9222644340743079   5.504063585643702
-1.0340033947125913   5.494346234760433
-1.1457218409398573   5.482357244601321
-1.2573735288729955   5.468093564457779
-1.3689120847305056   5.451553086193859
-1.4802910240671683   5.432734648214753
-1.591463771115402   5.411638039042332
-1.7023836782251538   5.388264000495084
-1.81300404539438   5.362614230469894
-1.9232781398817618   5.334691385323376
-2.0331592158935927   5.304499081850552
-2.142600534336449   5.272041898858871
-2.2515553826274766   5.237325378335723
-2.359977094553729   5.200356026207803
-2.4678190701722986   5.16114131269082
-2.5750347957426736   5.119689672228227
-2.68157786368298   5.076010503017818
-2.787401992541401   5.030114166125248
-2.892461046974359   4.982011984183655
-2.996709057722834   4.931716239678779
-3.100100241578186   4.879240172819149
-3.2025890213289823   4.82459797899103
-3.304130045680036   4.767804805798116
-3.4046782091350996   4.708876749686031
-3.5041886718346276   4.647830852151875
-3.6026168793397995   4.584685095539368
-3.6999185823542815   4.519458398420128
-3.7960498563750265   4.452170610561976
-3.890967121263437   4.382842507485236
-3.9846271607283867   4.311495784608177
-4.076987141712317   4.238153050983031
-4.168004633671952   4.162837822624055
-4.257637627744953   4.085574515429436
-4.345844555794112   4.006388437698811
-4.432584309320398   3.9253057822486324
-4.517816258236507   3.842353618127531
-4.601500269492381   3.7575598819341893
-4.683596725544425   3.6709533687402196
-4.7640665426599025   3.5825637226210016
-4.842871189048337   3.4924214267973137
-4.919972702811576   3.4005577933910023
-4.995333709704441   3.307004952797879
-5.06891744069767   3.2117958426814903
-5.140687749335222   3.1149641965913166
-5.210609128877861   3.0165445322092657
-5.278646729225099   2.9165721392285118
-5.3447663736077065   2.8150830668687266
-5.4089345750429025   2.712114111032216
-5.471118552544619   2.6077028011053316
-5.531286247081169   2.5018873864099334
-5.5894063372728775   2.3947068223095918
-5.645448254822134   2.2862007559757123
-5.699382199668636   2.1764095118185813
-5.7511791548625135   2.065374076588767
-5.800810901148284   1.953136084154182
-5.848250031252529   1.8397377999586204
-5.893469963868441   1.725222105167395
-5.9364449573303855   1.609632480506103
-5.977150122971868   1.4930129897984357
-6.015561438160247   1.3754082632094389
-6.051655759001808   1.2568634802004286
-6.085410832710858   1.137424352202168
-6.116805309636665   1.0171371050127818
-6.145818754942148   0.8960484609273763
-6.172431659928427   0.7742056206061068
-6.196625452999408   0.6516562446878411
-6.218382510260801   0.5284484351564112
-6.237686165748002   0.4046307164669432
-6.254520721277536   0.2802520164395019
-6.2688714559167895   0.1553616469276974
-6.28072463506703   0.0300092842697168
